467200
21700
15600
18300
14400
13600
13100
16600
14400
12800
12900
17200
13500
13400
13600
17800
13000
13500
13300
13000
13700
13800
13400
15200
17200
13200
13200
13400
16500
13500
13400
12600
16500
14000
13400
12900
16700
14300
12600
13100
16800
13700
15000
13900
12900
13800
13500
16700
13800
16300
13300
13200
13700
16500
13600
15500
13400
16600
15300
12900
13100
18800
15500
14700
15800
17300
13900
13000
13400
13000
13600
13500
14200
12800
16800
13600
13100
13200
17000
13400
13100
13500
16900
13300
12900
13200
16600
13900
13300
13000
17200
13400
13100
13300
14000
13700
12800
13500
13000
16100
