33100
7600
4000
3700
3500
3400
3400
4300
3400
3400
3300
4200
3600
3300
3300
4300
3400
3300
3800
4900
3400
3400
3300
3300
4100
3700
3800
3300
4300
3500
3400
3300
4800
3400
3300
3300
3400
4100
3400
3300
3800
6600
3700
3300
3500
6700
3600
3300
3300
3400
3400
3400
3400
3200
4200
3300
3400
3400
4200
3800
3400
4000
4500
4300
3500
3400
3300
3500
3400
3300
3600
4300
3500
3300
3400
4200
3600
3400
3300
4300
3400
3500
4000
3500
3500
3400
3700
3300
4300
3500
3300
3300
4300
3400
3400
3800
4300
3400
3300
3400
