334200
15100
8300
10100
7400
7200
7100
9200
7300
7000
6900
6800
7000
6900
6900
6900
8700
7100
6600
6700
8700
6900
6600
6600
8500
6900
6600
6700
8900
7000
6700
6600
8800
7100
6700
6900
6600
10600
7200
6900
6800
10200
7800
8300
7100
16900
8700
7700
7000
16600
9200
7100
6800
16100
8800
6900
6700
16700
9300
6900
6700
16800
10600
7500
6900
6800
9600
7000
7000
6700
9000
7100
6700
6800
8400
6900
6700
6600
8800
7000
6700
7900
9300
7000
6800
6900
8500
7100
6800
6900
6700
7000
6800
6700
6700
8500
6900
6600
6700
8700
6900
6600
6800
8600
6800
6600
6600
9000
6800
6500
6700
11000
7600
6700
6700
6700
7100
6600
6600
6800
8200
6700
6500
6700
8600
6800
7400
9300
9900
7200
8000
7400
9200
7000
6800
6600
9100
7100
6700
7400
6700
6900
6600
6900
6700
8400
6900
6600
6800
8300
7000
7700
6900
9000
6900
6700
7100
8700
7100
6500
6700
8800
6800
6600
6800
6700
6900
7100
6700
6600
8400
6800
6500
6500
8400
7300
6700
6500
8600
6600
6600
7000
8400
6800
6500
7600
9000
6800
6600
6600
29100
11400
7700
6700
6600
9000
6600
6600
6800
8300
6700
6700
6700
8600
7100
6900
7400
8400
6800
6700
6500
8400
6900
6800
6600
7000
6800
6500
6500
6600
6900
6500
6400
6900
8500
6700
6500
6400
8200
6400
6900
6600
8400
6700
6400
6400
8400
6600
6400
6400
8800
6600
6400
6400
6500
6700
6500
6500
6500
8500
6700
7000
6700
8600
6800
9200
7200
8500
6600
6300
6300
8800
6500
6300
6600
8600
6500
6400
6500
6400
6600
6700
6500
6400
8100
6900
6400
6300
8300
6600
6400
6600
8600
6500
6300
6800
8500
6500
6400
6500
8900
6600
6500
6500
6500
6600
6500
6500
6500
9100
6700
6300
6300
8400
6500
6300
6700
8300
6500
6400
6500
8500
6700
6600
6400
8700
6600
6600
6500
6500
6700
6600
6400
6600
8300
6700
6400
6400
8500
6700
6400
6600
8400
6600
6400
6600
8400
6600
6600
6300
8600
7600
6600
6600
6600
6800
6700
6500
6500
8300
6800
6500
6500
8400
6700
6600
6600
8300
6800
6500
6500
6700
6600
6600
6500
8300
6600
6700
6500
8200
6700
6500
6600
8700
6800
6500
6400
8500
6600
6900
6800
10200
7300
11500
7600
6700
6600
6600
6400
6700
8400
6500
6100
6500
8100
6400
6200
6200
8000
6400
6200
6300
8000
6600
6300
6300
8500
6500
6200
6300
6100
6500
6900
6300
6300
7800
6300
6200
6400
8100
6300
6400
6200
8000
6400
6300
6200
7800
6500
6300
6100
8000
6500
6200
6100
6200
6400
6300
6300
6300
7900
6400
6200
6200
8000
6400
6300
6300
8100
6500
6500
6400
8200
6300
6100
6000
7900
6400
6300
6300
6100
6400
6200
6100
6200
6400
6300
6200
6200
8200
6400
6300
6200
8200
7800
6700
6400
8300
6300
6200
6100
8300
6300
6300
6300
9500
6600
6300
7700
6600
7000
6400
6200
6200
7800
6300
6300
6200
9000
13500
7500
6200
8000
6500
6400
6000
8100
6400
6100
6000
8300
39400
11400
7300
6300
6600
6100
6200
6200
7800
6300
6100
6000
7800
6400
6100
6000
8200
13300
7400
6100
8500
6400
6000
6100
8100
6200
6000
6100
6000
6400
6100
6600
6000
7800
6400
6000
6000
7800
6400
6100
6000
7700
6500
6100
5900
8000
6700
6000
5900
8600
6300
6200
6100
5900
9500
9900
13000
12400
13900
12000
7100
6100
8300
6500
6300
6100
8200
6900
6300
6000
8400
6400
6200
6200
8300
9800
7600
6500
6100
6500
6100
6100
5800
8100
6200
6100
6000
8400
6800
6300
6400
9300
6500
6700
6100
8000
6300
6300
6200
8300
6700
6300
6100
7200
7300
9000
18800
12000
10800
9200
21300
12600
15400
12600
11400
10800
14100
11900
12100
10500
13900
11200
10500
11600
14100
11200
10900
11100
14000
20000
11400
10400
9700
10800
10300
10600
10400
13300
11000
10700
10300
13400
10700
13700
11400
13000
13300
10600
10100
13800
13600
11300
10400
13200
10600
10500
10700
13200
10700
10100
10300
15500
11300
10500
10200
13300
11100
10800
10200
10500
11700
10100
9900
9700
16000
19400
11300
10300
13600
10700
10700
32300
27900
22800
21900
21600
24700
22600
21500
21600
25200
21500
21200
21500
21700
21500
21200
20600
21000
21200
20600
20700
23500
23300
21800
20500
21200
24800
23800
21500
21700
23200
21300
21500
21300
23700
22100
21500
21000
25500
21300
21600
20900
21100
21800
21400
21900
20600
25500
21600
21000
20700
24400
21000
21200
21700
24100
21500
21000
21200
24500
21800
22500
35300
23900
13200
11700
11500
11800
12100
11700
11600
11700
13500
11900
11600
11600
13600
11700
11600
11600
13700
12100
11800
11500
13600
11900
11800
11500
13900
11900
11500
11500
11800
12000
11600
11800
11600
13400
12000
11600
11600
13600
11800
11700
11700
13400
12000
11700
11700
13800
12000
11600
11600
13800
11900
11600
11600
11800
11900
11500
11400
11600
13500
12100
11600
11600
13000
11700
11400
11400
13300
11800
11700
11600
14800
12100
11600
11500
13800
12000
11600
11400
11800
12000
11700
11600
11700
13400
11700
11900
11600
29600
12000
11300
11200
12400
11400
11200
11200
11400
11100
11000
11000
13000
11500
11200
11200
12900
11400
11100
11200
13100
11400
11100
11200
13100
11400
11200
11200
13400
11400
11200
11100
11200
11500
11300
11000
11000
12800
11400
11200
11100
13100
11600
11100
11300
12900
11600
11100
11200
13200
11400
11200
11200
13500
11300
11200
11000
11200
11400
29800
12700
11500
13200
11600
11200
11300
13000
11500
11400
11400
13000
11500
11500
11200
12900
11500
11200
11200
13200
11500
19500
11800
11500
11700
11100
11200
20500
12200
11400
11400
11600
11200
11300
11400
15000
11700
11200
11300
13100
11300
11200
11000
12900
11100
11100
11100
13000
11500
11100
11100
14900
11600
11100
11200
11300
11400
11100
11100
11000
14300
11500
11200
11200
13300
11400
11300
11100
14300
13100
11200
11400
13200
11600
11100
11300
13200
11400
11100
11400
11200
11400
11100
11200
11200
14700
11700
11200
11200
13000
11600
11200
11300
13000
11600
11200
11200
13200
