34700
8100
4300
4000
3700
3700
3600
4400
3800
3500
3400
4300
3600
3500
3500
4600
3600
3900
3500
3600
3600
3400
3400
3500
4300
3800
3800
3400
4400
3600
3500
3500
4500
3600
3800
3500
3400
4300
3500
3500
4000
4500
3600
3600
3600
4800
3700
3500
3400
3300
3600
3500
3500
3400
4400
3500
3700
3500
4200
3500
3600
3500
4900
5300
4200
3600
3700
3600
3400
3500
3400
4800
3600
3500
3400
4400
3600
3500
3500
4400
3600
3400
3500
3500
4100
3700
3600
3500
4200
3600
3400
3400
5700
3700
3500
3500
6400
3600
3500
3400
3600
4200
3700
4000
3400
4300
3500
3500
3500
4800
3600
3400
3400
3500
3400
3400
3800
3500
5700
3600
3600
3500
4300
3600
3600
3500
4900
5300
3700
3600
3400
3500
3500
3400
4400
4400
3500
3500
3400
4100
3500
3500
3400
4600
3800
3400
3500
3500
4100
3500
3500
3400
4300
3600
3500
3400
4200
3400
3400
3500
4400
3500
3600
3500
3400
4200
3600
3500
3500
4300
3600
3500
3800
6000
3700
3400
3500
3400
3400
3400
3500
3500
5700
3800
3400
3400
4200
3900
3400
3300
16300
5100
3600
3400
3400
3400
3300
3300
4000
4400
4000
3500
3400
4100
3400
3400
3400
4300
3500
3500
3300
3300
3600
3500
3800
3500
4100
3400
3500
3400
4200
3600
3500
3600
4500
3600
3400
3400
3300
4200
3700
3400
3400
4200
3500
3400
3400
4300
3400
3400
3500
3400
3400
3300
3400
3500
4800
3500
3300
3400
4700
3600
3400
3400
4300
5000
3700
3500
3400
3600
3500
3400
3400
4200
3500
3500
3400
4400
3600
3400
3400
4500
3400
3300
3400
3400
3500
3400
3400
3500
4400
3500
3500
3400
5500
3700
3500
3400
4400
3600
3800
3500
3400
4300
3400
3300
3400
4700
3600
3500
3300
6100
3500
3500
3400
3400
3500
3500
3300
3300
4300
3600
3400
3400
4700
5400
3800
3400
4500
3600
3400
3300
3400
3600
3500
3400
3300
4300
3500
3300
3400
4200
3700
3600
3400
6000
3500
3400
3400
3300
3400
3900
3400
3300
4300
3500
3400
3300
5800
3600
3300
3500
4300
3600
3900
3400
3300
4100
3400
3300
3300
5500
3600
3400
3300
5600
3500
3400
3300
3400
3500
3400
3300
3400
5900
3500
3500
3400
4500
3900
3700
3500
5400
6100
3700
3500
3300
3900
3600
3400
3400
4300
3600
3500
3400
4300
3500
5900
3600
3600
3300
3700
3300
4300
3500
3400
3400
4200
3400
3400
3300
4400
3500
3400
3300
3300
4200
3400
3300
3300
4200
3400
3400
3300
4300
3400
3400
3200
3500
3400
3400
3400
3400
4100
3400
3500
3300
4200
3500
3300
3300
4500
3500
3300
3300
3200
3500
3300
3400
3400
4200
3400
3400
3400
4100
3400
3400
3300
5600
3400
3400
3200
3300
3500
3300
3200
3200
4300
4000
3400
3300
4300
3500
3400
3400
4800
3400
3400
3700
3400
4300
3500
3700
3400
4900
3500
3400
3400
4300
3500
3400
12793900
18000
4400
3500
3600
3200
4200
3400
3200
3200
4300
3400
3300
3400
6200
3500
3200
3200
3200
3300
32400
5300
3400
4400
3400
3400
3200
4200
3700
3200
3200
4300
3400
3300
3200
3200
3400
3200
3100
3300
4000
3300
3300
3300
4000
3300
3300
3200
4400
9700
3900
3200
3200
4700
3300
3200
3100
4200
3300
3100
3200
4500
3300
3200
3200
3200
3400
3200
3200
3100
3900
3600
3100
3200
4200
3400
3400
3100
4300
3500
3200
3000
3200
3300
3100
3200
3400
4100
3200
3200
3200
5900
3500
3100
3100
4200
3300
3200
3000
3100
3400
3100
3100
3100
4500
3200
3700
3200
4100
3200
3200
3200
4100
3300
3200
3100
3000
4300
3100
5200
3400
4100
3200
3000
3200
4000
3400
3400
3200
3100
3200
3200
3100
3100
3900
3300
3500
3600
4200
3200
3100
3000
4500
3300
3200
3000
3100
3300
3200
3900
3200
4400
3400
3200
3100
3800
3200
3100
3100
4100
3100
3000
3100
3100
3300
3000
3000
3100
4000
3200
3200
3000
3900
3200
3100
3200
4000
3300
4700
3200
3100
4500
3200
3000
3200
4000
3200
3100
3100
4100
3200
3100
3000
3000
3100
3100
3100
3200
4300
3800
3100
3000
3800
3200
3100
3000
4000
3200
3000
3200
3100
3200
3000
3100
3000
3900
3200
3000
3000
3900
3100
3000
3100
4200
3200
3000
3000
3100
3600
3000
2900
3100
4200
3200
3200
3000
3900
3100
3100
3100
4100
3200
3100
3000
3100
4400
3300
3900
3100
4000
3100
3000
3100
3900
3100
3000
3000
3000
3100
3100
3000
3200
3900
3100
3000
3000
4000
3200
3000
3000
4000
3100
3000
2900
3000
3100
3000
3200
3100
3800
3100
3100
2900
4000
3200
5896200
15400
9800
7300
6500
6200
6300
6400
6300
6300
6300
7100
6300
6300
6100
7100
6200
6200
6200
7200
6300
6200
6200
6200
9000
6800
6200
6200
7000
6400
6200
6200
7100
6300
6200
6100
6300
6200
6200
6100
6300
8300
6400
6300
6300
7200
6200
6200
6300
7100
6300
6200
6200
6200
6300
6700
6100
6200
7000
6100
6100
6300
7000
6200
6800
6200
7400
6100
6300
6200
6100
6200
6200
6400
6100
7100
6300
6100
6200
7100
6200
6200
6600
9000
6400
6100
6300
6400
6800
6300
6200
6100
6900
6300
6200
6200
7200
6300
6200
6100
6200
6200
6100
6200
6100
6900
6200
6200
6200
8500
6300
6200
6100
9000
6300
6500
6100
6200
6300
6200
6100
6200
8300
6400
6100
6500
7400
6200
6100
6300
8400
6300
6300
6100
6200
6100
6200
6200
6200
7000
6200
6200
6100
7000
6300
9200
6300
8500
6400
6100
6400
7500
6200
6100
6200
7100
6200
6100
6100
6100
6300
6300
6200
6200
7100
6300
6300
6200
7000
6600
6200
7000
7700
6400
6400
6400
6100
7300
7000
6200
6200
7000
6400
6200
6300
7100
6300
6300
6200
6300
6500
6300
6200
6300
7200
6200
6800
6200
7000
6200
6400
6200
7100
6300
6400
6100
6300
6300
6300
6200
6100
6900
6300
6200
6500
6900
6300
6200
6300
7300
6400
6200
6300
6200
